0 0.276992 0.873094 0.0154844 0.0224706
0 0.962328 0.741424 0.015 0.0256706
0 0.265844 0.939612 0.0241875 0.0237882
0 0.348719 0.787271 0.016125 0.0227294
0 0.122594 0.962353 0.021 0.0223529
0 0.15725 0.933953 0.01975 0.0256
0 0.212547 0.886906 0.0128125 0.0216235
0 0.197828 0.869247 0.0156563 0.0223529
0 0.310688 0.877788 0.0133125 0.0232
0 0.490477 0.476671 0.00735937 0.0144706
0 0.0875937 0.4588 0.0115625 0.0142588
0 0.349578 0.836129 0.0176875 0.0300941
0 0.459805 0.434224 0.00885937 0.0104235