0 0.61171875 0.603125 0.0953125 0.16875
0 0.5328125 0.4640625 0.065625 0.128125
0 0.45078125 0.3484375 0.0703125 0.103125
0 0.5109375 0.23671875 0.0453125 0.075
0 0.571875 0.22265625 0.0390625 0.0671875
0 0.62109375 0.23046875 0.0390625 0.0703125
0 0.6515625 0.15 0.03125 0.0625
0 0.6046875 0.14921875 0.03125 0.05625
0 0.59140625 0.0953125 0.0296875 0.0390625
0 0.62890625 0.09609375 0.0296875 0.0515625
0 0.671875 0.09375 0.0265625 0.0453125
0 0.64921875 0.05078125 0.0203125 0.0390625
0 0.6828125 0.06640625 0.021875 0.0390625
0 0.81015625 0.1 0.0203125 0.034375