0 0.76328125 0.875 0.1421875 0.25
0 0.60546875 0.5203125 0.0828125 0.1515625
0 0.3109375 0.4171875 0.1171875 0.103125
0 0.63125 0.38671875 0.065625 0.1140625
0 0.5359375 0.31484375 0.0546875 0.1140625
0 0.6046875 0.2796875 0.0515625 0.10625
0 0.56484375 0.234375 0.0390625 0.0765625
0 0.5921875 0.1671875 0.03125 0.0578125
0 0.640625 0.1765625 0.03125 0.0625
0 0.634375 0.0921875 0.028125 0.04375
0 0.66484375 0.11875 0.0265625 0.04375
0 0.62265625 0.0421875 0.025 0.04375
0 0.65 0.0328125 0.028125 0.0625
0 0.6765625 0.06640625 0.021875 0.0390625
0 0.8109375 0.0984375 0.021875 0.03125