0 0.453125 0.3609375 0.0515625 0.10625
0 0.5140625 0.2921875 0.05625 0.09375
0 0.3921875 0.3171875 0.0515625 0.125
0 0.4734375 0.2203125 0.0390625 0.0625
0 0.3765625 0.2359375 0.0453125 0.075
0 0.44921875 0.15859375 0.0359375 0.0515625
0 0.35546875 0.17578125 0.0359375 0.0609375
0 0.33203125 0.10703125 0.034375 0.05625
0 0.35703125 0.07578125 0.0265625 0.0453125
0 0.384375 0.0609375 0.025 0.0359375
0 0.3546875 0.05546875 0.0203125 0.03125
0 0.32421875 0.0828125 0.0265625 0.04375
0 0.3171875 0.05390625 0.021875 0.0390625
0 0.36328125 0.0265625 0.0203125 0.03125