0 0.20546875 0.63671875 0.1203125 0.18125
0 0.50703125 0.5640625 0.084375 0.15
0 0.55546875 0.428125 0.0546875 0.125
0 0.35 0.43125 0.0703125 0.1328125
0 0.45546875 0.4015625 0.065625 0.1296875
0 0.45546875 0.2859375 0.0515625 0.0984375
0 0.38359375 0.2609375 0.0484375 0.0796875
0 0.43359375 0.23203125 0.04375 0.071875
0 0.353125 0.1734375 0.03125 0.0609375
0 0.40625 0.17421875 0.0390625 0.0828125
0 0.4203125 0.11171875 0.0296875 0.040625
0 0.334375 0.11875 0.03125 0.0453125
0 0.38671875 0.12890625 0.03125 0.053125
0 0.37265625 0.0953125 0.0296875 0.0453125
0 0.359375 0.06953125 0.025 0.040625
0 0.32578125 0.07421875 0.0265625 0.0390625
0 0.33046875 0.0171875 0.0171875 0.03125
0 0.18984375 0.0984375 0.021875 0.0359375