0 0.78984375 0.63828125 0.15 0.184375
0 0.57109375 0.5109375 0.0796875 0.1390625
0 0.5515625 0.39296875 0.053125 0.103125
0 0.60078125 0.32421875 0.04375 0.1015625
0 0.61640625 0.24140625 0.0390625 0.0828125
0 0.5609375 0.240625 0.04375 0.0703125
0 0.54921875 0.18125 0.0359375 0.0671875
0 0.60546875 0.1578125 0.0390625 0.0578125
0 0.64453125 0.1546875 0.0390625 0.0796875
0 0.6296875 0.0921875 0.0265625 0.04375
0 0.66953125 0.0953125 0.0265625 0.0484375
0 0.62890625 0.0375 0.021875 0.034375
0 0.6828125 0.0484375 0.0234375 0.0390625
0 0.66328125 0.02890625 0.0140625 0.03125
0 0.81015625 0.10078125 0.025 0.0390625