0 0.34375 0.75 0.1328125 0.2453125
0 0.25859375 0.6609375 0.1203125 0.1953125
0 0.3546875 0.4796875 0.0828125 0.134375
0 0.61875 0.3890625 0.1078125 0.103125
0 0.39765625 0.3421875 0.0515625 0.115625
0 0.4640625 0.29453125 0.0484375 0.0796875
0 0.421875 0.18515625 0.0390625 0.0578125
0 0.37265625 0.18515625 0.04375 0.071875
0 0.39921875 0.06875 0.028125 0.0515625
0 0.33671875 0.11171875 0.028125 0.05625
0 0.36328125 0.08046875 0.025 0.0453125
0 0.31640625 0.0453125 0.021875 0.0453125
0 0.3484375 0.0484375 0.0265625 0.0359375
0 0.31484375 0.0453125 0.0171875 0.03125
0 0.18984375 0.09765625 0.025 0.034375