0 0.43046875 0.56484375 0.084375 0.153125
0 0.240625 0.63359375 0.1375 0.1703125
0 0.38359375 0.40390625 0.0625 0.1109375
0 0.45703125 0.3125 0.0578125 0.10625
0 0.18984375 0.10078125 0.025 0.0484375
0 0.44375 0.15859375 0.028125 0.053125
0 0.384375 0.24296875 0.034375 0.0625
0 0.3859375 0.1890625 0.034375 0.0515625
0 0.33671875 0.10234375 0.028125 0.0625
0 0.3796875 0.1203125 0.034375 0.053125
0 0.3953125 0.10234375 0.0234375 0.0390625
0 0.3640625 0.07421875 0.0203125 0.0359375
0 0.3703125 0.0375 0.0265625 0.0296875