0 0.9234375 0.77265625 0.15 0.2578125
0 0.5765625 0.56484375 0.090625 0.1640625
0 0.61171875 0.3703125 0.0625 0.1203125
0 0.5015625 0.33984375 0.0515625 0.1078125
0 0.61875 0.234375 0.0515625 0.0875
0 0.6078125 0.15234375 0.034375 0.0515625
0 0.603125 0.19921875 0.028125 0.053125
0 0.65859375 0.1203125 0.03125 0.0671875
0 0.6234375 0.109375 0.0265625 0.0453125
0 0.640625 0.0796875 0.0265625 0.040625
0 0.62265625 0.1109375 0.0265625 0.040625
0 0.68359375 0.0421875 0.0203125 0.0328125
0 0.6609375 0.0265625 0.0203125 0.0296875
0 0.8109375 0.10234375 0.025 0.040625