0 0.43125 0.2359375 0.04375 0.0765625
0 0.478125 0.2234375 0.04375 0.075
0 0.45078125 0.171875 0.0390625 0.05625
0 0.36640625 0.2046875 0.0359375 0.0703125
0 0.4 0.15859375 0.0359375 0.0625
0 0.35234375 0.15859375 0.0359375 0.065625
0 0.34375 0.11875 0.0265625 0.0328125
0 0.3859375 0.11796875 0.03125 0.0359375
0 0.36875 0.0953125 0.028125 0.04375
0 0.33203125 0.0921875 0.0296875 0.04375
0 0.35703125 0.071875 0.0265625 0.04375
0 0.3234375 0.06640625 0.0265625 0.04375
0 0.35234375 0.046875 0.0234375 0.034375
0 0.19140625 0.0984375 0.021875 0.0390625