0 0.5265625 0.5 0.0671875 0.1453125
0 0.33515625 0.65 0.128125 0.1921875
0 0.053125 0.7046875 0.103125 0.221875
0 0.446875 0.3703125 0.05625 0.1390625
0 0.396875 0.3140625 0.0484375 0.09375
0 0.4109375 0.18359375 0.04375 0.0671875
0 0.365625 0.2015625 0.0390625 0.0625
0 0.3484375 0.13671875 0.0296875 0.0609375
0 0.37109375 0.0890625 0.0296875 0.0515625
0 0.32578125 0.0875 0.0296875 0.0453125
0 0.32109375 0.05625 0.0234375 0.0359375
0 0.35546875 0.0203125 0.0203125 0.034375
0 0.18984375 0.10078125 0.025 0.0359375