0 0.58515625 0.66328125 0.10625 0.2015625
0 0.62265625 0.38671875 0.059375 0.1078125
0 0.5375 0.3453125 0.059375 0.0859375
0 0.49765625 0.25234375 0.0515625 0.0703125
0 0.61171875 0.2640625 0.053125 0.1015625
0 0.56484375 0.2390625 0.040625 0.0703125
0 0.546875 0.18046875 0.0390625 0.053125
0 0.646875 0.178125 0.034375 0.0625
0 0.60546875 0.14921875 0.0265625 0.053125
0 0.56953125 0.13359375 0.034375 0.0625
0 0.5921875 0.0953125 0.025 0.040625
0 0.62265625 0.1109375 0.0203125 0.0359375
0 0.665625 0.1078125 0.028125 0.0484375
0 0.63828125 0.084375 0.0203125 0.04375
0 0.646875 0.06484375 0.0203125 0.0359375
0 0.67421875 0.0796875 0.028125 0.034375
0 0.81015625 0.103125 0.025 0.040625
0 0.6828125 0.05546875 0.0265625 0.040625
0 0.6546875 0.0359375 0.0265625 0.0359375