0 0.83828125 0.93828125 0.1484375 0.1234375
0 0.86171875 0.72578125 0.15 0.2078125
0 0.725 0.740625 0.1515625 0.24375
0 0.4828125 0.55859375 0.0765625 0.1640625
0 0.640625 0.44609375 0.0609375 0.1421875
0 0.47109375 0.38359375 0.0578125 0.115625
0 0.5515625 0.3453125 0.053125 0.103125
0 0.525 0.24609375 0.04375 0.0703125
0 0.609375 0.24296875 0.04375 0.1015625
0 0.634375 0.20078125 0.0359375 0.0703125
0 0.6625 0.12890625 0.03125 0.053125
0 0.61875 0.1203125 0.03125 0.0546875
0 0.6421875 0.06640625 0.028125 0.0484375
0 0.59609375 0.09375 0.03125 0.034375
0 0.678125 0.0765625 0.025 0.0484375
0 0.625 0.040625 0.021875 0.0390625
0 0.65234375 0.046875 0.0203125 0.034375
0 0.81015625 0.10234375 0.021875 0.0390625