0 0.2453125 0.1109375 0.0515625 0.075
0 0.2359375 0.328125 0.0578125 0.096875
0 0.1984375 0.24765625 0.0484375 0.0875
0 0.21171875 0.28515625 0.0515625 0.09375
0 0.28984375 0.234375 0.0546875 0.0890625
0 0.3109375 0.271875 0.05625 0.0875
0 0.3296875 0.31953125 0.0703125 0.0984375
0 0.4203125 0.31953125 0.0671875 0.0984375
0 0.40390625 0.26953125 0.059375 0.0796875
0 0.08203125 0.80625 0.0890625 0.16875
0 0.11875 0.9484375 0.125 0.1015625
0 0.6046875 0.61875 0.0765625 0.146875
0 0.646875 0.68125 0.103125 0.18125
0 0.6875 0.78515625 0.1015625 0.16875
0 0.75390625 0.90390625 0.134375 0.190625
0 0.8328125 0.97265625 0.1234375 0.053125