0 0.321875 0.14296875 0.0484375 0.0875
0 0.2515625 0.01953125 0.04375 0.0390625
0 0.27265625 0.18515625 0.053125 0.0828125
0 0.23046875 0.31953125 0.0625 0.1015625
0 0.45703125 0.36875 0.0703125 0.103125
0 0.50390625 0.46640625 0.0796875 0.128125
0 0.28125 0.06875 0.0484375 0.0703125
0 0.646875 0.6984375 0.115625 0.196875
0 0.515625 0.7046875 0.09375 0.16875
0 0.140625 0.078125 0.04375 0.0703125
0 0.084375 0.796875 0.090625 0.1515625
0 0.1203125 0.94921875 0.128125 0.096875
0 0.1578125 0.1046875 0.0453125 0.0796875