0 0.43984375 0.53984375 0.05625 0.1125
0 0.4703125 0.47109375 0.0546875 0.0890625
0 0.40234375 0.63984375 0.065625 0.1671875
0 0.390625 0.42109375 0.040625 0.08125
0 0.4125 0.359375 0.0515625 0.1109375
0 0.5640625 0.621875 0.1375 0.3265625
0 0.93046875 0.571875 0.04375 0.0953125
0 0.8828125 0.54609375 0.05625 0.090625
0 0.828125 0.4921875 0.0640625 0.0921875
0 0.95546875 0.52890625 0.0359375 0.0734375
0 0.87890625 0.465625 0.046875 0.0765625
0 0.909375 0.415625 0.0359375 0.05
0 0.52890625 0.75546875 0.0921875 0.19375
0 0.31328125 0.48828125 0.0421875 0.134375
0 0.34296875 0.4015625 0.0359375 0.0828125
0 0.2984375 0.36640625 0.03125 0.0625
0 0.365625 0.3609375 0.0265625 0.06875
0 0.15 0.3453125 0.0375 0.084375
0 0.31484375 0.303125 0.025 0.040625
0 0.4609375 0.3671875 0.0421875 0.0640625
0 0.54609375 0.40859375 0.0671875 0.0671875