0 0.809375 0.76640625 0.11875 0.196875
0 0.5265625 0.53828125 0.0859375 0.1453125
0 0.37265625 0.76953125 0.1171875 0.1828125
0 0.18671875 0.51171875 0.053125 0.125
0 0.12109375 0.4578125 0.0375 0.090625
0 0.14609375 0.38515625 0.0296875 0.0578125
0 0.09453125 0.3671875 0.028125 0.053125
0 0.1203125 0.32421875 0.025 0.0609375
0 0.1890625 0.30859375 0.0296875 0.0546875
0 0.18828125 0.24375 0.021875 0.0375
0 0.0921875 0.29609375 0.0140625 0.0421875
0 0.94453125 0.51796875 0.0328125 0.084375
0 0.90625 0.4921875 0.034375 0.08125
0 0.8671875 0.4703125 0.0359375 0.0625
0 0.884375 0.43125 0.034375 0.05
0 0.9234375 0.4359375 0.0359375 0.0671875
0 0.896875 0.40625 0.0296875 0.053125
0 0.92890625 0.359375 0.021875 0.034375
0 0.940625 0.40859375 0.03125 0.0546875
0 0.62890625 0.30625 0.04375 0.0609375
0 0.38125 0.3 0.0484375 0.046875
0 0.30625 0.28828125 0.0390625 0.05
0 0.2421875 0.27109375 0.0234375 0.0390625
0 0.259375 0.23828125 0.0171875 0.0328125
0 0.22890625 0.23046875 0.01875 0.0328125
0 0.29765625 0.2203125 0.0265625 0.03125
0 0.2484375 0.21796875 0.0125 0.034375
0 0.2671875 0.21640625 0.0203125 0.0328125
0 0.28359375 0.2125 0.0203125 0.0328125