0 0.2515625 0.77578125 0.103125 0.2234375
0 0.10078125 0.64921875 0.053125 0.125
0 0.19296875 0.56015625 0.0546875 0.1109375
0 0.15859375 0.50546875 0.046875 0.0921875
0 0.0796875 0.465625 0.0390625 0.06875
0 0.1234375 0.45390625 0.0359375 0.0609375
0 0.109375 0.4140625 0.0328125 0.0609375
0 0.0625 0.4171875 0.0234375 0.0515625
0 0.0921875 0.39296875 0.025 0.0546875
0 0.07109375 0.35703125 0.021875 0.0484375
0 0.0453125 0.375 0.01875 0.04375
0 0.58203125 0.46015625 0.096875 0.1171875
0 0.7140625 0.33203125 0.0546875 0.0984375
0 0.75625 0.31875 0.0234375 0.0609375
0 0.9484375 0.671875 0.084375 0.128125
0 0.825 0.2859375 0.025 0.05
0 0.74453125 0.23984375 0.021875 0.0375
0 0.775 0.23671875 0.01875 0.0328125
0 0.75625 0.2265625 0.0171875 0.0359375
0 0.73671875 0.2234375 0.0203125 0.0390625
0 0.70390625 0.22734375 0.025 0.034375
0 0.71953125 0.21328125 0.0203125 0.025
0 0.59453125 0.303125 0.0515625 0.0484375
0 0.9515625 0.309375 0.015625 0.040625