0 0.22421875 0.478125 0.0671875 0.08125
0 0.16796875 0.51953125 0.065625 0.084375
0 0.1609375 0.45078125 0.053125 0.059375
0 0.86953125 0.4421875 0.0375 0.06875
0 0.89609375 0.53203125 0.0484375 0.0875
0 0.61796875 0.371875 0.034375 0.053125
0 0.06953125 0.51171875 0.046875 0.0875
0 0.7109375 0.30625 0.0234375 0.0484375
0 0.8203125 0.446875 0.0390625 0.071875
0 0.1078125 0.5421875 0.05625 0.109375
0 0.096875 0.45390625 0.053125 0.084375
0 0.03125 0.46796875 0.0421875 0.090625
0 0.6984375 0.38984375 0.0359375 0.05625
0 0.01484375 0.44453125 0.0265625 0.0515625
0 0.02421875 0.4515625 0.0453125 0.0640625
0 0.0796875 0.47734375 0.0953125 0.1359375
0 0.85546875 0.34921875 0.025 0.0375
0 0.79765625 0.3515625 0.028125 0.05
0 0.83359375 0.36484375 0.028125 0.0609375