0 0.375 0.52734375 0.103125 0.103125
0 0.24921875 0.58671875 0.0921875 0.121875
0 0.153125 0.4921875 0.065625 0.090625
0 0.1375 0.59453125 0.06875 0.134375
0 0.22890625 0.47421875 0.065625 0.0796875
0 0.6171875 0.3625 0.0359375 0.0546875
0 0.115625 0.446875 0.0671875 0.08125
0 0.0765625 0.5234375 0.0515625 0.1078125
0 0.02890625 0.4609375 0.0515625 0.0921875
0 0.078125 0.41015625 0.040625 0.05
0 0.7046875 0.3234375 0.0265625 0.0453125
0 0.69453125 0.3796875 0.0328125 0.0609375
0 0.64609375 0.38671875 0.0375 0.0671875
0 0.06015625 0.39453125 0.0328125 0.0609375
0 0.7125 0.2921875 0.0234375 0.03125
0 0.8296875 0.27265625 0.0140625 0.0234375
0 0.70703125 0.3390625 0.0328125 0.0375
0 0.8515625 0.25859375 0.015625 0.0265625
0 0.04375 0.39140625 0.059375 0.053125