0 0.40625 0.63671875 0.1234375 0.165625
0 0.65078125 0.58359375 0.10625 0.121875
0 0.18828125 0.58828125 0.0828125 0.1125
0 0.3890625 0.41171875 0.040625 0.0875
0 0.7546875 0.6 0.1046875 0.1765625
0 0.425 0.40703125 0.0421875 0.0734375
0 0.365625 0.353125 0.03125 0.0515625
0 0.34296875 0.41875 0.0421875 0.078125
0 0.33046875 0.340625 0.03125 0.0265625
0 0.3484375 0.3171875 0.0234375 0.0234375
0 0.29453125 0.415625 0.034375 0.0796875
0 0.32265625 0.3359375 0.025 0.0234375
0 0.29609375 0.39375 0.028125 0.0390625
0 0.33203125 0.3609375 0.0296875 0.028125
0 0.29140625 0.34296875 0.028125 0.03125
0 0.3421875 0.3859375 0.0359375 0.040625
0 0.9734375 0.49140625 0.0296875 0.0609375
0 0.5953125 0.4078125 0.08125 0.078125
0 0.14609375 0.484375 0.0328125 0.1140625
0 0.11796875 0.440625 0.0265625 0.0625
0 0.41328125 0.32109375 0.0265625 0.0484375
0 0.125 0.353125 0.021875 0.046875