0 0.175 0.484375 0.06875 0.0890625
0 0.09296875 0.51328125 0.04375 0.096875
0 0.65078125 0.37890625 0.0375 0.0640625
0 0.68515625 0.37734375 0.0328125 0.0546875
0 0.88046875 0.3375 0.025 0.0515625
0 0.0515625 0.47265625 0.04375 0.0796875
0 0.565625 0.36015625 0.0375 0.059375
0 0.79375 0.34609375 0.025 0.0453125
0 0.5921875 0.33046875 0.03125 0.05625
0 0.61015625 0.37265625 0.0390625 0.065625
0 0.11171875 0.4015625 0.0359375 0.053125
0 0.6984375 0.3421875 0.0265625 0.046875
0 0.815625 0.32421875 0.025 0.046875
0 0.0140625 0.43203125 0.0265625 0.0515625
0 0.10625 0.4625 0.0359375 0.0546875
0 0.1 0.45 0.04375 0.06875
0 0.05859375 0.4171875 0.0359375 0.065625
0 0.91796875 0.425 0.04375 0.109375
0 0.16328125 0.43203125 0.05625 0.0546875
0 0.6375 0.32421875 0.021875 0.04375
0 0.0078125 0.3859375 0.015625 0.0390625
0 0.6609375 0.33515625 0.028125 0.046875
0 0.8484375 0.29453125 0.025 0.05