0 0.684375 0.9046875 0.1984375 0.184375
0 0.278125 0.3421875 0.0390625 0.059375
0 0.3390625 0.34140625 0.05 0.05625
0 0.86328125 0.4234375 0.0375 0.0625
0 0.90859375 0.45390625 0.034375 0.071875
0 0.3265625 0.284375 0.034375 0.034375
0 0.25390625 0.26796875 0.025 0.03125
0 0.29921875 0.3 0.0265625 0.0390625
0 0.0421875 0.34453125 0.01875 0.0421875
0 0.18125 0.25546875 0.021875 0.028125
0 0.2609375 0.234375 0.0203125 0.028125
0 0.2859375 0.271875 0.03125 0.03125
0 0.2734375 0.3078125 0.028125 0.0375