0 0.8828125 0.72734375 0.075 0.184375
0 0.1953125 0.44140625 0.059375 0.0625
0 0.82734375 0.46796875 0.040625 0.075
0 0.096875 0.50234375 0.046875 0.0796875
0 0.93125 0.45078125 0.0578125 0.121875
0 0.7921875 0.34609375 0.028125 0.0453125
0 0.14140625 0.47109375 0.053125 0.071875
0 0.57265625 0.36171875 0.0359375 0.059375
0 0.63515625 0.27578125 0.0328125 0.0609375
0 0.0890625 0.43203125 0.0390625 0.0609375
0 0.06328125 0.46796875 0.0390625 0.06875
0 0.43203125 0.36328125 0.071875 0.053125
0 0.70234375 0.3546875 0.03125 0.0703125
0 0.66171875 0.3453125 0.028125 0.0484375
0 0.63515625 0.38125 0.0359375 0.0578125
0 0.03046875 0.44140625 0.03125 0.0578125
0 0.66953125 0.315625 0.0265625 0.05
0 0.621875 0.34453125 0.03125 0.0515625
0 0.05234375 0.4203125 0.025 0.0421875
0 0.5296875 0.34140625 0.0484375 0.0484375