0 0.8421875 0.48671875 0.053125 0.084375
0 0.8828125 0.53984375 0.0515625 0.1140625
0 0.415625 0.3421875 0.040625 0.0625
0 0.9359375 0.47734375 0.059375 0.1265625
0 0.77578125 0.44765625 0.0609375 0.065625
0 0.57578125 0.375 0.06875 0.0625
0 0.29609375 0.3375 0.0265625 0.046875
0 0.875 0.44296875 0.0421875 0.0609375
0 0.35234375 0.3765625 0.034375 0.0609375
0 0.353125 0.28984375 0.025 0.0390625
0 0.978125 0.45078125 0.0375 0.0703125
0 0.33671875 0.340625 0.028125 0.0421875
0 0.86171875 0.38125 0.040625 0.0421875
0 0.91171875 0.44921875 0.0421875 0.0671875
0 0.4 0.28515625 0.0203125 0.0375
0 0.8515625 0.41875 0.046875 0.046875