0 0.43203125 0.56875 0.0890625 0.13125
0 0.09765625 0.5578125 0.0578125 0.1140625
0 0.1984375 0.45546875 0.059375 0.071875
0 0.07109375 0.49609375 0.04375 0.096875
0 0.590625 0.38671875 0.04375 0.06875
0 0.13515625 0.4796875 0.0546875 0.0984375
0 0.63359375 0.39453125 0.046875 0.0890625
0 0.61328125 0.296875 0.0390625 0.0703125
0 0.0734375 0.3578125 0.0328125 0.04375
0 0.0453125 0.465625 0.0359375 0.0640625
0 0.69765625 0.28125 0.028125 0.0546875
0 0.37265625 0.3765625 0.0703125 0.059375
0 0.12265625 0.38515625 0.0328125 0.0359375
0 0.65859375 0.29609375 0.0234375 0.040625
0 0.5796875 0.3 0.028125 0.0453125