0 0.4828125 0.7390625 0.171875 0.3953125
0 0.903125 0.553125 0.05625 0.109375
0 0.73125 0.38515625 0.0703125 0.0578125
0 0.8046875 0.45625 0.0609375 0.0703125
0 0.9296875 0.496875 0.0453125 0.096875
0 0.8890625 0.84609375 0.20625 0.3078125
0 0.3828125 0.4453125 0.05 0.084375
0 0.3421875 0.3796875 0.040625 0.0828125
0 0.9546875 0.465625 0.0375 0.0625
0 0.8671875 0.475 0.059375 0.0953125
0 0.3 0.35703125 0.03125 0.0625
0 0.33515625 0.29296875 0.0265625 0.046875
0 0.4765625 0.34375 0.053125 0.0515625
0 0.29375 0.271875 0.0203125 0.0390625
0 0.12265625 0.325 0.021875 0.040625