0 0.825 0.484375 0.06875 0.0890625
0 0.90703125 0.51328125 0.04375 0.096875
0 0.34921875 0.37890625 0.0375 0.0640625
0 0.31484375 0.37734375 0.0328125 0.0546875
0 0.11953125 0.3375 0.025 0.0515625
0 0.9484375 0.47265625 0.04375 0.0796875
0 0.434375 0.36015625 0.0375 0.059375
0 0.20625 0.34609375 0.025 0.0453125
0 0.4078125 0.33046875 0.03125 0.05625
0 0.38984375 0.37265625 0.0390625 0.065625
0 0.88828125 0.4015625 0.0359375 0.053125
0 0.3015625 0.3421875 0.0265625 0.046875
0 0.184375 0.32421875 0.0265625 0.046875
0 0.9859375 0.43203125 0.0265625 0.0515625
0 0.89375 0.4625 0.0359375 0.0546875
0 0.9 0.45 0.04375 0.06875
0 0.94140625 0.4171875 0.0359375 0.065625
0 0.08203125 0.425 0.04375 0.109375
0 0.83671875 0.43203125 0.05625 0.0546875
0 0.3625 0.32421875 0.0203125 0.04375
0 0.9921875 0.3859375 0.015625 0.0390625
0 0.3390625 0.33515625 0.028125 0.046875
0 0.1515625 0.29453125 0.025 0.05