0 0.2234375 0.44765625 0.0703125 0.090625
0 0.14765625 0.46171875 0.053125 0.0734375
0 0.825 0.5171875 0.053125 0.1109375
0 0.259375 0.39296875 0.0671875 0.0546875
0 0.61875 0.36875 0.03125 0.05625
0 0.94453125 0.7421875 0.0703125 0.15
0 0.10546875 0.4375 0.0359375 0.0546875
0 0.08984375 0.4953125 0.0390625 0.0859375
0 0.553125 0.3265625 0.0390625 0.046875
0 0.9765625 0.63203125 0.046875 0.1125
0 0.66328125 0.33671875 0.03125 0.053125
0 0.02421875 0.41328125 0.0328125 0.0515625
0 0.70546875 0.3125 0.021875 0.0484375
0 0.06640625 0.459375 0.0359375 0.0609375
0 0.59296875 0.2953125 0.025 0.0390625
0 0.075 0.41796875 0.0296875 0.0390625
0 0.87421875 0.8609375 0.0921875 0.16875
0 0.0484375 0.3625 0.025 0.0359375
0 0.46015625 0.3578125 0.059375 0.053125
0 0.00703125 0.39921875 0.0140625 0.046875